note.txt

Given data file
  h1.dat
should be organized like
  [[(0,0),(1,0),(2,0),(3,0),(4,0),(5,0),(6,0),(7,0),(8,0),(9,0)]
  ,[(0,0),(1,1),(2,2),(3,3),(4,4),(5,5),(6,6),(7,7),(8,8),(9,9)]
  ,[(0,0),(1,2),(2,4),(3,6),(4,8),(5,10),(6,12),(7,14),(8,16),(9,18)]
  ,[(0,0),(1,3),(2,6),(,9),(4,12),(5,15),(6,18),(7,21),(8,24),(9,27)]
  ,[(0,0),(1,4),(2,8),(3,12),(4,16),(5,20),(6,24),(7,28),(8,32),(9,36)]
  ,[(0,0),(1,5),(2,10),(3,15),(4,20),(5,25),(6,30),(7,35),(8,40),(9,45)]
  ,[(0,0),(1,6),(2,12),(3,18),(4,24),(5,30),(6,36),(7,42),(8,48),(9,54)]
  ,[(0,0),(1,7),(2,14),(3,21),(4,28),(5,5),(6,42),(7,49),(8,56),(9,63)]
  ,[(0,0),(1,8),(2,16),(3,24),(4,32),(5,40),(6,48),(7,56),(8,64),(9,72)]
  ,[(0,0),(1,9),(2,18),(3,27),(4,36),(5,45),(6,54),(7,63),(8,72),(9,81)]
  ]

Example
 
$ more h1.dat 
[[3 % 1,12 % 31,35 % 471,72 % 3271,123 % 13501,188 % 40911,267 % 101491,360 % 219031,467 % 426681,588 % 768511,723 % 1301071,872 % 2094951],[3 % 1,27 % 49,87 % 527,183 % 3385,315 % 13693,483 % 41201,687 % 101899,927 % 219577,1203 % 427385,1515 % 769393,1863 % 1302151,2247 % 2096249],[3 % 1,54 % 85,187 % 655,402 % 3661,699 % 14173,1078 % 41941,1539 % 102955,2082 % 221005,2707 % 429241,3414 % 771733,4203 % 1305031,5074 % 2099725],[3 % 1,93 % 139,67 % 171,729 % 4099,1275 % 14941,1973 % 43131,2823 % 104659,765 % 44663,4979 % 432249,6285 % 775531,7743 % 1309711,9353 % 2105379],[3 % 1,144 % 211,531 % 1127,1164 % 4699,2043 % 15997,3168 % 44771,4539 % 107011,6156 % 226507,8019 % 436409,10128 % 780787,12483 % 1316191,15084 % 2113211],[3 % 1,207 % 301,775 % 1471,1707 % 5461,3003 % 17341,4663 % 46861,6687 % 110011,9075 % 230581,11827 % 441721,14943 % 787501,18423 % 1324471,22267 % 2123221],[3 % 1,282 % 409,1067 % 1887,2358 % 6385,4155 % 18973,6458 % 49401,9267 % 113659,12582 % 235537,16403 % 448185,20730 % 795673,25563 % 1334551,30902 % 2135409],[3 % 1,369 % 535,1407 % 2375,3117 % 7471,5499 % 20893,8553 % 52391,12279 % 117955,16677 % 241375,21747 % 455801,27489 % 805303,33903 % 1346431,40989 % 2149775],[3 % 1,468 % 679,359 % 587,3984 % 8719,7035 % 23101,10948 % 55831,15723 % 122899,4272 % 49619,27859 % 464569,35220 % 816391,43443 % 1360111,52528 % 2166319],[3 % 1,579 % 841,2231 % 3567,4959 % 10129,8763 % 25597,13643 % 59721,19599 % 128491,26631 % 255697,34739 % 474489,43923 % 828937,54183 % 1375591,65519 % 2185041],[3 % 1,702 % 1021,2715 % 4271,6042 % 11701,10683 % 28381,354 % 1363,23907 % 134731,32490 % 264181,42387 % 485561,53598 % 842941,66123 % 1392871,79962 % 2205941],[3 % 1,837 % 1219,3247 % 5047,7233 % 13435,12795 % 31453,643 % 2221,28647 % 141619,38937 % 273547,50803 % 497785,64245 % 858403,79263 % 1411951,95857 % 2229019]]
rds:FiniteFields rds$ ./rec h1.dat 
The data from h1.dat is: 
[[3 % 1,12 % 31,35 % 471,72 % 3271,123 % 13501,188 % 40911,267 % 101491,360 % 219031,467 % 426681,588 % 768511,723 % 1301071,872 % 2094951],[3 % 1,27 % 49,87 % 527,183 % 3385,315 % 13693,483 % 41201,687 % 101899,927 % 219577,1203 % 427385,1515 % 769393,1863 % 1302151,2247 % 2096249],[3 % 1,54 % 85,187 % 655,402 % 3661,699 % 14173,1078 % 41941,1539 % 102955,2082 % 221005,2707 % 429241,3414 % 771733,4203 % 1305031,5074 % 2099725],[3 % 1,93 % 139,67 % 171,729 % 4099,1275 % 14941,1973 % 43131,2823 % 104659,765 % 44663,4979 % 432249,6285 % 775531,7743 % 1309711,9353 % 2105379],[3 % 1,144 % 211,531 % 1127,1164 % 4699,2043 % 15997,3168 % 44771,4539 % 107011,6156 % 226507,8019 % 436409,10128 % 780787,12483 % 1316191,15084 % 2113211],[3 % 1,207 % 301,775 % 1471,1707 % 5461,3003 % 17341,4663 % 46861,6687 % 110011,9075 % 230581,11827 % 441721,14943 % 787501,18423 % 1324471,22267 % 2123221],[3 % 1,282 % 409,1067 % 1887,2358 % 6385,4155 % 18973,6458 % 49401,9267 % 113659,12582 % 235537,16403 % 448185,20730 % 795673,25563 % 1334551,30902 % 2135409],[3 % 1,369 % 535,1407 % 2375,3117 % 7471,5499 % 20893,8553 % 52391,12279 % 117955,16677 % 241375,21747 % 455801,27489 % 805303,33903 % 1346431,40989 % 2149775],[3 % 1,468 % 679,359 % 587,3984 % 8719,7035 % 23101,10948 % 55831,15723 % 122899,4272 % 49619,27859 % 464569,35220 % 816391,43443 % 1360111,52528 % 2166319],[3 % 1,579 % 841,2231 % 3567,4959 % 10129,8763 % 25597,13643 % 59721,19599 % 128491,26631 % 255697,34739 % 474489,43923 % 828937,54183 % 1375591,65519 % 2185041],[3 % 1,702 % 1021,2715 % 4271,6042 % 11701,10683 % 28381,354 % 1363,23907 % 134731,32490 % 264181,42387 % 485561,53598 % 842941,66123 % 1392871,79962 % 2205941],[3 % 1,837 % 1219,3247 % 5047,7233 % 13435,12795 % 31453,643 % 2221,28647 % 141619,38937 % 273547,50803 % 497785,64245 % 858403,79263 % 1411951,95857 % 2229019]]

The coefficients: 
([[3 % 1],[2 % 1,4 % 1],[7 % 1,5 % 1,6 % 1],[0 % 1],[0 % 1],[0 % 1]],[[1 % 1],[7 % 1,8 % 1],[10 % 1,1 % 1,9 % 1],[0 % 1],[0 % 1],[13 % 1]])

This should read as
  h1 x y = (3+2*x+4*y+7*x^2+5*x*y+6*y^2) % (1+7*x+8*y+10*x^2+x*y+9*y^2+13*x^5)

